 #GLM.dat
 #grouped → Asakura →chapter3 →_d1_shuso_grouped.dat改変
 
 julia>  
 mat =[
       1 		1.0        0.0        0.0
       1 		1.0        0.0        0.0
       0		1.0        0.0        0.0
       0 		1.0        0.0        0.0
       0		1.0        0.0        0.0
       0 		1.0        0.0        0.0
       0 		1.0        0.0        0.0
       0 		1.0        0.0        0.0
       0 		1.0        0.0        0.0
       0 		1.0        0.0        0.0
       0 		1.0        0.0        0.0
       0 		1.0        0.0        0.0
       0 		1.0        0.0        0.0
       0 		1.0        0.0        0.0
       0 		1.0        0.0        0.0
       0 		1.0        0.0        0.0
       0 		1.0        0.0        0.0
       0	 	1.0        0.0        0.0
       0 		1.0        0.0        0.0
       0 		1.0        0.0        0.0
       1        1.0        1.0        0.0
       1        1.0        1.0        0.0
       1        1.0        1.0        0.0
       1        1.0        1.0        0.0
       1        1.0        1.0        0.0
       1        1.0        1.0        0.0
       1        1.0        1.0        0.0
       0        1.0        1.0        0.0        
       0        1.0        1.0        0.0
       0        1.0        1.0        0.0
       0        1.0        1.0        0.0
       0        1.0        1.0        0.0
       0        1.0        1.0        0.0
       0        1.0        1.0        0.0
       0        1.0        1.0        0.0
       0        1.0        1.0        0.0
       0        1.0        1.0        0.0
       0        1.0        1.0        0.0
       0        1.0        1.0        0.0
       0        1.0        1.0        0.0
       0        1.0        1.0        0.0
       1        1.0        0.0        1.0
       1        1.0        0.0        1.0
       1        1.0        0.0        1.0
       0        1.0        0.0        1.0
       0        1.0        0.0        1.0
       0        1.0        0.0        1.0
       0        1.0        0.0        1.0
       0        1.0        0.0        1.0
       0        1.0        0.0        1.0
       0        1.0        0.0        1.0
       0        1.0        0.0        1.0
       0        1.0        0.0        1.0
       0        1.0        0.0        1.0
       0        1.0        0.0        1.0
       0        1.0        0.0        1.0
       0        1.0        0.0        1.0
       0        1.0        0.0        1.0
       0        1.0        0.0        1.0
       0        1.0        0.0        1.0
       0        1.0        0.0        1.0
       1        0.0        0.0        0.0
       1        0.0        0.0        0.0
       1        0.0        0.0        0.0
       1        0.0        0.0        0.0
       1        0.0        0.0        0.0
       1        0.0        0.0        0.0
       1        0.0        0.0        0.0
       1        0.0        0.0        0.0
       1        0.0        0.0        0.0
       0        0.0        0.0        0.0
       0        0.0        0.0        0.0
       0        0.0        0.0        0.0
       0        0.0        0.0        0.0
       0        0.0        0.0        0.0
       0        0.0        0.0        0.0
       0        0.0        0.0        0.0
       0        0.0        0.0        0.0
       0        0.0        0.0        0.0
       0        0.0        0.0        0.0
       0        0.0        0.0        0.0
       0        0.0        0.0        0.0
       1        0.0        1.0        0.0        
       1        0.0        1.0        0.0
       1        0.0        1.0        0.0
       1        0.0        1.0        0.0
       1        0.0        1.0        0.0
       1        0.0        1.0        0.0
       0        0.0        1.0        0.0
       0        0.0        1.0        0.0
       0        0.0        1.0        0.0
       0        0.0        1.0        0.0
       0        0.0        1.0        0.0
       0        0.0        1.0        0.0
       0        0.0        1.0        0.0
       0        0.0        1.0        0.0
       1        0.0        0.0        1.0
       1        0.0        0.0        1.0
       1        0.0        0.0        1.0
       1        0.0        0.0        1.0
       1        0.0        0.0        1.0
       1        0.0        0.0        1.0
       0        0.0        0.0        1.0
       0        0.0        0.0        1.0
       0        0.0        0.0        1.0
       0        0.0        0.0        1.0
       0        0.0        0.0        1.0
       0        0.0        0.0        1.0
       0        0.0        0.0        1.0
       0        0.0        0.0        1.0
       0        0.0        0.0        1.0
       0        0.0        0.0        1.0
       0        0.0        0.0        1.0
       0        0.0        0.0        1.0
       0        0.0        0.0        1.0
       0        0.0        0.0        1.0
       0        0.0        0.0        1.0]
       
       
julia> data=DataFrame(mat,[:Y,:sex,:grade2,:grade3])
       
julia> glm(@formula(Y ~ sex+grade2+grade3), data, Binomial(), ProbitLink())
julia> glm(@formula(Y ~ sex+grade2+grade3), data, Binomial(), LogitLink())